PS C:\Users\86151\Desktop\s\l4\forward> uv run verify_fk
Verifying (pos m, rot deg)…

Case 1: PASS
  q (rad): [0.5236, 0.0, 1.5708, 1.0472, 0.0, 0.0]
  pos_err: 0.020 mm (0.000020 m)
  rot_err: 0.000 deg
  M_fk:
 [[-0.5     0.433  -0.75    0.1049]
 [ 0.866   0.25   -0.433   0.0871]
 [ 0.     -0.866  -0.5     0.3056]
 [ 0.      0.      0.      1.    ]]
  M_sim:
 [[-0.5     0.433  -0.75    0.1049]
 [ 0.866   0.25   -0.433   0.0871]
 [ 0.     -0.866  -0.5     0.3056]
 [ 0.      0.      0.      1.    ]]

Case 2: PASS
  q (rad): [-0.5236, 0.0, 1.0472, 1.0472, -0.5236, 0.0]
  pos_err: 0.020 mm (0.000020 m)
  rot_err: 0.000 deg
  M_fk:
 [[ 0.2165  0.75   -0.625   0.1433]
 [ 0.875  -0.433  -0.2165 -0.1055]
 [-0.433  -0.5    -0.75    0.3974]
 [ 0.      0.      0.      1.    ]]
  M_sim:
 [[ 0.2165  0.75   -0.625   0.1433]
 [ 0.875  -0.433  -0.2165 -0.1055]
 [-0.433  -0.5    -0.75    0.3974]
 [ 0.      0.      0.      1.    ]]

Case 3: PASS
  q (rad): [0.5236, 0.0, 1.0472, 1.0472, 1.0472, 0.0]
  pos_err: 0.020 mm (0.000020 m)
  rot_err: 0.000 deg
  M_fk:
 [[ 0.125   0.75   -0.6495  0.1182]
 [ 0.6495  0.433   0.625   0.1803]
 [ 0.75   -0.5    -0.433   0.4245]
 [ 0.      0.      0.      1.    ]]
  M_sim:
 [[ 0.125   0.75   -0.6495  0.1182]
 [ 0.6495  0.433   0.625   0.1803]
 [ 0.75   -0.5    -0.433   0.4245]
 [ 0.      0.      0.      1.    ]]

Case 4: PASS
  q (rad): [-0.5236, 0.0, 1.0472, 1.0472, 0.2618, 0.0]
  pos_err: 0.020 mm (0.000020 m)
  rot_err: 0.000 deg
  M_fk:
 [[ 0.595   0.75   -0.2888  0.1721]
 [ 0.7718 -0.433   0.4656 -0.0472]
 [ 0.2241 -0.5    -0.8365  0.39  ]
 [ 0.      0.      0.      1.    ]]
  M_sim:
 [[ 0.595   0.75   -0.2888  0.172 ]
 [ 0.      0.      0.      1.    ]]

Case 5: PASS
  q (rad): [0.2618, 0.2618, 0.2618, 0.2618, 0.2618, 0.2618]
  pos_err: 0.020 mm (0.000020 m)
  rot_err: 0.000 deg
  M_fk:
 [[-0.2355  0.7702  0.5928  0.2257]
 [ 0.9028 -0.0524  0.4268  0.1072]
 [ 0.3598  0.6356 -0.683   0.552 ]
 [ 0.      0.      0.      1.    ]]
  M_sim:
 [[-0.2355  0.7702  0.5928  0.2257]
 [ 0.9028 -0.0524  0.4268  0.1072]
 [ 0.3598  0.6356 -0.683   0.552 ]
 [ 0.      0.      0.      1.    ]]

Summary: 5/5 passed (tol_pos=0.001 m, tol_rot=0.5 deg)
PS C:\Users\86151\Desktop\s\l4\forward>